Global Load Matrix
     0
    50
 37500
     0
    50
-37500
     0
     0
     0
     0
     0
     0

Reduced Global Stiffness Matrix
     310765           0     -395344     -310501           0           0
          0      414113      222381           0     -111.19      222381
    -395344      222381  1.3837e+09           0     -222381 2.96508e+08
    -310501           0           0      310765           0     -395344
          0     -111.19     -222381           0      414113     -222381
          0      222381 2.96508e+08     -395344     -222381  1.3837e+09

Reduced Global Mass Matrix
  0.11499         0  -22.1478 0.0313201         0         0
        0  0.116779   39.3738         0 0.0241612  -23.2664
 -22.1478   39.3738   40716.1         0   23.2664  -21476.6
0.0313201         0         0   0.11499         0  -22.1478
        0 0.0241612   23.2664         0  0.116779  -39.3738
        0  -23.2664  -21476.6  -22.1478  -39.3738   40716.1

Reduced Global Load Matrix
     0
    50
-37500
     0
     0
     0

Reduced Global EigenVector Matrix
       -1  0.005599        -1 -0.410098  -0.15506         1
 0.000228         1 -0.022452        -1         1 -0.613637
-0.000222  0.376838 -0.007913  0.000865 -0.001027  0.000975
       -1 -0.005599        -1  0.410098  -0.15506        -1
-0.000228         1  0.022452        -1        -1 -0.613637
-0.000222 -0.376838 -0.007913 -0.000865 -0.001027 -0.000975

Global Support Inclination Matrix
 1 -0  0  0  0  0  0  0  0  0  0  0
 0  1  0  0  0  0  0  0  0  0  0  0
 0  0  1  0  0  0  0  0  0  0  0  0
 0  0  0  1  0  0  0  0  0  0  0  0
 0  0  0  0  1  0  0  0  0  0  0  0
 0  0  0  0  0  1  0  0  0  0  0  0
 0  0  0  0  0  0  1  0  0  0  0  0
 0  0  0  0  0  0  0  1  0  0  0  0
 0  0  0  0  0  0  0  0  1  0  0  0
 0  0  0  0  0  0  0  0  0  1 -0  0
 0  0  0  0  0  0  0  0  0  0  1  0
 0  0  0  0  0  0  0  0  0  0  0  1

