Reduced Global Stiffness Matrix
1.05467e+06           0      -7e+06   -1.05e+06           0           0
          0 1.40197e+06  3.9375e+06           0    -1968.75  3.9375e+06
     -7e+06  3.9375e+06    2.45e+10           0 -3.9375e+06    5.25e+09
  -1.05e+06           0           0 1.05467e+06           0      -7e+06
          0    -1968.75 -3.9375e+06           0 1.40197e+06 -3.9375e+06
          0  3.9375e+06    5.25e+09      -7e+06 -3.9375e+06    2.45e+10

Reduced Global Mass Matrix
  0.38501         0  -74.1557  0.104867         0         0
        0  0.391003   131.832         0 0.0808971   -77.901
 -74.1557   131.832    136327         0    77.901  -71908.6
 0.104867         0         0   0.38501         0  -74.1557
        0 0.0808971    77.901         0  0.391003  -131.832
        0   -77.901  -71908.6  -74.1557  -131.832    136327

Reduced Global EigenVector Matrix
       -1 -0.008218         1  0.418463  0.162417         1
 0.001193        -1  0.128062         1        -1 -0.619518
-0.000222 -0.070982  0.007929 -0.000878   0.00109  0.000986
       -1  0.008218         1 -0.418463  0.162417        -1
-0.001193        -1 -0.128062         1         1 -0.619518
-0.000222  0.070982  0.007929  0.000878   0.00109 -0.000986

Modal Mass Matrix
    0.920197            0  0.000398356 -6.93889e-18  4.84296e-05 -1.38778e-17
           0      2158.68            0   0.00761142            0  -0.00700447
 0.000398356 -3.55271e-15      6.95686            0  0.000340339            0
-1.02999e-17   0.00761142    1.249e-16     0.735362  3.46945e-17  -2.3133e-06
 4.84296e-05            0  0.000340339   2.1684e-18     0.511473 -5.20417e-18
-1.24683e-18  -0.00700447  6.07153e-17  -2.3133e-06  1.60462e-17     0.522483

Modal Stiffness Matrix
     6045.38            0      176.702            0       18.276  -1.7053e-13
           0  1.96764e+08  1.86265e-09      674.701            0     -628.162
     176.702            0  3.60606e+06            0      196.592            0
-6.63931e-11      674.701  2.91038e-11  3.57707e+06 -1.12777e-10     -14.3666
      18.276 -2.32831e-10      196.592 -8.73115e-11  2.83952e+06 -5.09317e-11
-3.19233e-10     -628.162  1.45519e-11     -14.3666  2.31012e-10   5.2938e+06

Global Support Inclination Matrix
 1 -0  0  0  0  0  0  0  0  0  0  0
 0  1  0  0  0  0  0  0  0  0  0  0
 0  0  1  0  0  0  0  0  0  0  0  0
 0  0  0  1  0  0  0  0  0  0  0  0
 0  0  0  0  1  0  0  0  0  0  0  0
 0  0  0  0  0  1  0  0  0  0  0  0
 0  0  0  0  0  0  1  0  0  0  0  0
 0  0  0  0  0  0  0  1  0  0  0  0
 0  0  0  0  0  0  0  0  1  0  0  0
 0  0  0  0  0  0  0  0  0  1 -0  0
 0  0  0  0  0  0  0  0  0  0  1  0
 0  0  0  0  0  0  0  0  0  0  0  1

