node, 0, -6, -1.73205
node, 1, -2, -1.73205
node, 2, 0, 1.73205
node, 3, -3, -3.97364e-08
node, 4, 6, -1.73205
node, 5, 2, -1.73205
node, 6, 3, -3.97364e-08
line, 0, 0, 1, 0
line, 2, 1, 2, 0
line, 1, 1, 3, 0
line, 3, 0, 3, 0
line, 4, 3, 2, 0
line, 5, 4, 5, 0
line, 6, 5, 2, 0
line, 7, 5, 6, 0
line, 8, 4, 6, 0
line, 9, 6, 2, 0
line, 10, 1, 5, 0
cnst, 0, 2, 90
cnst, 4, 3, 90
load, 4, 100, 60, 0.2, 0.6, -1.5, 0.866025
load, 3, 100, 60, 0.2, 0.6, -4.5, -0.866025
load, 9, 100, 120, 0.2, 0.6, 1.5, 0.866025
load, 8, 100, 120, 0.2, 0.6, 4.5, -0.866025
ptms, 2, 100, 100, 100
ptms, 3, 100, 100, 100
ptms, 1, 100, 100, 100
ptms, 5, 100, 100, 100
ptms, 6, 100, 100, 100
mtrl, 0, Default material, 207000, 100, 7.83e-09, 6014
