Global Load Matrix
  0
  0
  0
  0
100
  0
  0
  0
  0
  0
  0
  0
  0
100
  0
  0
  0
  0
  0
  0
  0
  0
  0
  0
  0
  0
  0
  0
100
  0
  0
  0
  0

Reduced Global Stiffness Matrix
 2.22629e+11            0            0 -2.48401e+08            0            0  -1.1119e+11            0  2.22381e+11            0            0            0            0            0            0            0            0            0            0            0            0            0            0            0
           0  5.75504e+10  1.42324e+11            0 -5.69294e+10  1.42324e+11            0 -3.10501e+08            0            0            0            0            0            0            0            0            0            0            0            0            0            0            0            0
           0  1.42324e+11  1.66044e+12            0 -1.42324e+11  2.37206e+11 -2.22381e+11            0  2.96507e+11            0            0            0            0            0            0            0            0            0            0            0            0            0            0            0
-2.48401e+08            0            0  2.22877e+11            0            0            0            0            0  -1.1119e+11            0  2.22381e+11 -2.48401e+08            0            0            0            0            0            0            0            0            0            0            0
           0 -5.69294e+10 -1.42324e+11            0   1.1448e+11            0            0            0            0            0 -3.10501e+08            0            0 -5.69294e+10  1.42324e+11            0            0            0            0            0            0            0            0            0
           0  1.42324e+11  2.37206e+11            0            0  2.13485e+12            0            0            0 -2.22381e+11            0  2.96507e+11            0 -1.42324e+11  2.37206e+11            0            0            0            0            0            0            0            0            0
 -1.1119e+11            0 -2.22381e+11            0            0            0  1.11439e+11            0 -2.22381e+11 -2.48401e+08            0            0            0            0            0            0            0            0            0            0            0            0            0            0
           0 -3.10501e+08            0            0            0            0            0  5.72399e+10  1.42324e+11            0 -5.69294e+10  1.42324e+11            0            0            0            0            0            0            0            0            0            0            0            0
 2.22381e+11            0  2.96507e+11            0            0            0 -2.22381e+11  1.42324e+11  1.06743e+12            0 -1.42324e+11  2.37206e+11            0            0            0            0            0            0            0            0            0            0            0            0
           0            0            0  -1.1119e+11            0 -2.22381e+11 -2.48401e+08            0            0  2.22877e+11            0            0            0            0            0 -2.48401e+08            0            0  -1.1119e+11            0  2.22381e+11            0            0            0
           0            0            0            0 -3.10501e+08            0            0 -5.69294e+10 -1.42324e+11            0   1.1448e+11            0            0            0            0            0 -5.69294e+10  1.42324e+11            0 -3.10501e+08            0            0            0            0
           0            0            0  2.22381e+11            0  2.96507e+11            0  1.42324e+11  2.37206e+11            0            0  2.13485e+12            0            0            0            0 -1.42324e+11  2.37206e+11 -2.22381e+11            0  2.96507e+11            0            0            0
           0            0            0 -2.48401e+08            0            0            0            0            0            0            0            0  2.22629e+11            0            0  -1.1119e+11            0  2.22381e+11            0            0            0            0            0            0
           0            0            0            0 -5.69294e+10 -1.42324e+11            0            0            0            0            0            0            0  5.75504e+10 -1.42324e+11            0 -3.10501e+08            0            0            0            0            0            0            0
           0            0            0            0  1.42324e+11  2.37206e+11            0            0            0            0            0            0            0 -1.42324e+11  1.66044e+12 -2.22381e+11            0  2.96507e+11            0            0            0            0            0            0
           0            0            0            0            0            0            0            0            0 -2.48401e+08            0            0  -1.1119e+11            0 -2.22381e+11  2.22629e+11            0            0            0            0            0  -1.1119e+11            0  2.22381e+11
           0            0            0            0            0            0            0            0            0            0 -5.69294e+10 -1.42324e+11            0 -3.10501e+08            0            0  5.75504e+10 -1.42324e+11            0            0            0            0 -3.10501e+08            0
           0            0            0            0            0            0            0            0            0            0  1.42324e+11  2.37206e+11  2.22381e+11            0  2.96507e+11            0 -1.42324e+11  1.66044e+12            0            0            0 -2.22381e+11            0  2.96507e+11
           0            0            0            0            0            0            0            0            0  -1.1119e+11            0 -2.22381e+11            0            0            0            0            0            0  1.11439e+11            0 -2.22381e+11 -2.48401e+08            0            0
           0            0            0            0            0            0            0            0            0            0 -3.10501e+08            0            0            0            0            0            0            0            0  5.72399e+10  1.42324e+11            0 -5.69294e+10  1.42324e+11
           0            0            0            0            0            0            0            0            0  2.22381e+11            0  2.96507e+11            0            0            0            0            0            0 -2.22381e+11  1.42324e+11  1.06743e+12            0 -1.42324e+11  2.37206e+11
           0            0            0            0            0            0            0            0            0            0            0            0            0            0            0  -1.1119e+11            0 -2.22381e+11 -2.48401e+08            0            0  1.11439e+11            0 -2.22381e+11
           0            0            0            0            0            0            0            0            0            0            0            0            0            0            0            0 -3.10501e+08            0            0 -5.69294e+10 -1.42324e+11            0  5.72399e+10 -1.42324e+11
           0            0            0            0            0            0            0            0            0            0            0            0            0            0            0  2.22381e+11            0  2.96507e+11            0  1.42324e+11  2.37206e+11 -2.22381e+11 -1.42324e+11  1.06743e+12

Reduced Global Mass Matrix
 0.000217898            0            0  3.91501e-05            0            0  2.41612e-05            0 -2.32664e-05            0            0            0            0            0            0            0            0            0            0            0            0            0            0            0
           0  0.000212529  6.15216e-05            0  3.02015e-05 -3.63537e-05            0  3.13201e-05            0            0            0            0            0            0            0            0            0            0            0            0            0            0            0            0
           0  6.15216e-05    0.0001132            0  3.63537e-05 -4.19465e-05  2.32664e-05            0 -2.14766e-05            0            0            0            0            0            0            0            0            0            0            0            0            0            0            0
 3.91501e-05            0            0  0.000296199            0            0            0            0            0  2.41612e-05            0 -2.32664e-05  3.91501e-05            0            0            0            0            0            0            0            0            0            0            0
           0  3.02015e-05  3.63537e-05            0  0.000299778            0            0            0            0            0  3.13201e-05            0            0  3.02015e-05 -3.63537e-05            0            0            0            0            0            0            0            0            0
           0 -3.63537e-05 -4.19465e-05            0            0  0.000169128            0            0            0  2.32664e-05            0 -2.14766e-05            0  3.63537e-05 -4.19465e-05            0            0            0            0            0            0            0            0            0
 2.41612e-05            0  2.32664e-05            0            0            0  0.000148099            0 -3.93738e-05  3.91501e-05            0            0            0            0            0            0            0            0            0            0            0            0            0            0
           0  3.13201e-05            0            0            0            0            0  0.000149889  6.15216e-05            0  3.02015e-05 -3.63537e-05            0            0            0            0            0            0            0            0            0            0            0            0
-2.32664e-05            0 -2.14766e-05            0            0            0 -3.93738e-05  6.15216e-05  8.45642e-05            0  3.63537e-05 -4.19465e-05            0            0            0            0            0            0            0            0            0            0            0            0
           0            0            0  2.41612e-05            0  2.32664e-05  3.91501e-05            0            0  0.000296199            0            0            0            0            0  3.91501e-05            0            0  2.41612e-05            0 -2.32664e-05            0            0            0
           0            0            0            0  3.13201e-05            0            0  3.02015e-05  3.63537e-05            0  0.000299778            0            0            0            0            0  3.02015e-05 -3.63537e-05            0  3.13201e-05            0            0            0            0
           0            0            0 -2.32664e-05            0 -2.14766e-05            0 -3.63537e-05 -4.19465e-05            0            0  0.000169128            0            0            0            0  3.63537e-05 -4.19465e-05  2.32664e-05            0 -2.14766e-05            0            0            0
           0            0            0  3.91501e-05            0            0            0            0            0            0            0            0  0.000217898            0            0  2.41612e-05            0 -2.32664e-05            0            0            0            0            0            0
           0            0            0            0  3.02015e-05  3.63537e-05            0            0            0            0            0            0            0  0.000212529 -6.15216e-05            0  3.13201e-05            0            0            0            0            0            0            0
           0            0            0            0 -3.63537e-05 -4.19465e-05            0            0            0            0            0            0            0 -6.15216e-05    0.0001132  2.32664e-05            0 -2.14766e-05            0            0            0            0            0            0
           0            0            0            0            0            0            0            0            0  3.91501e-05            0            0  2.41612e-05            0  2.32664e-05  0.000217898            0            0            0            0            0  2.41612e-05            0 -2.32664e-05
           0            0            0            0            0            0            0            0            0            0  3.02015e-05  3.63537e-05            0  3.13201e-05            0            0  0.000212529 -6.15216e-05            0            0            0            0  3.13201e-05            0
           0            0            0            0            0            0            0            0            0            0 -3.63537e-05 -4.19465e-05 -2.32664e-05            0 -2.14766e-05            0 -6.15216e-05    0.0001132            0            0            0  2.32664e-05            0 -2.14766e-05
           0            0            0            0            0            0            0            0            0  2.41612e-05            0  2.32664e-05            0            0            0            0            0            0  0.000148099            0 -3.93738e-05  3.91501e-05            0            0
           0            0            0            0            0            0            0            0            0            0  3.13201e-05            0            0            0            0            0            0            0            0  0.000149889  6.15216e-05            0  3.02015e-05 -3.63537e-05
           0            0            0            0            0            0            0            0            0 -2.32664e-05            0 -2.14766e-05            0            0            0            0            0            0 -3.93738e-05  6.15216e-05  8.45642e-05            0  3.63537e-05 -4.19465e-05
           0            0            0            0            0            0            0            0            0            0            0            0            0            0            0  2.41612e-05            0  2.32664e-05  3.91501e-05            0            0  0.000148099            0 -3.93738e-05
           0            0            0            0            0            0            0            0            0            0            0            0            0            0            0            0  3.13201e-05            0            0  3.02015e-05  3.63537e-05            0  0.000149889 -6.15216e-05
           0            0            0            0            0            0            0            0            0            0            0            0            0            0            0 -2.32664e-05            0 -2.14766e-05            0 -3.63537e-05 -4.19465e-05 -3.93738e-05 -6.15216e-05  8.45642e-05

Reduced Global Load Matrix
  0
100
  0
  0
  0
  0
  0
100
  0
  0
  0
  0
  0
  0
  0
  0
  0
  0
  0
100
  0
  0
  0
  0

