Global Stiffness Matrix
  1.1119e+11            0  2.22381e+11  -1.1119e+11            0  2.22381e+11            0            0            0            0            0            0            0            0            0            0            0            0            0            0            0            0            0            0            0            0            0            0            0            0            0            0            0
           0  3.10501e+08            0            0 -3.10501e+08            0            0            0            0            0            0            0            0            0            0            0            0            0            0            0            0            0            0            0            0            0            0            0            0            0            0            0            0
 2.22381e+11            0  5.93015e+11 -2.22381e+11            0  2.96507e+11            0            0            0            0            0            0            0            0            0            0            0            0            0            0            0            0            0            0            0            0            0            0            0            0            0            0            0
 -1.1119e+11            0 -2.22381e+11  2.22629e+11            0            0 -2.48401e+08            0            0            0            0            0  -1.1119e+11            0  2.22381e+11            0            0            0            0            0            0            0            0            0            0            0            0            0            0            0            0            0            0
           0 -3.10501e+08            0            0  5.75504e+10  1.42324e+11            0 -5.69294e+10  1.42324e+11            0            0            0            0 -3.10501e+08            0            0            0            0            0            0            0            0            0            0            0            0            0            0            0            0            0            0            0
 2.22381e+11            0  2.96507e+11            0  1.42324e+11  1.66044e+12            0 -1.42324e+11  2.37206e+11            0            0            0 -2.22381e+11            0  2.96507e+11            0            0            0            0            0            0            0            0            0            0            0            0            0            0            0            0            0            0
           0            0            0 -2.48401e+08            0            0  2.22877e+11            0            0  -1.1119e+11            0 -2.22381e+11            0            0            0  -1.1119e+11            0  2.22381e+11 -2.48401e+08            0            0            0            0            0            0            0            0            0            0            0            0            0            0
           0            0            0            0 -5.69294e+10 -1.42324e+11            0   1.1448e+11            0            0 -3.10501e+08            0            0            0            0            0 -3.10501e+08            0            0 -5.69294e+10  1.42324e+11            0            0            0            0            0            0            0            0            0            0            0            0
           0            0            0            0  1.42324e+11  2.37206e+11            0            0  2.13485e+12  2.22381e+11            0  2.96507e+11            0            0            0 -2.22381e+11            0  2.96507e+11            0 -1.42324e+11  2.37206e+11            0            0            0            0            0            0            0            0            0            0            0            0
           0            0            0            0            0            0  -1.1119e+11            0  2.22381e+11   1.1119e+11            0  2.22381e+11            0            0            0            0            0            0            0            0            0            0            0            0            0            0            0            0            0            0            0            0            0
           0            0            0            0            0            0            0 -3.10501e+08            0            0  3.10501e+08            0            0            0            0            0            0            0            0            0            0            0            0            0            0            0            0            0            0            0            0            0            0
           0            0            0            0            0            0 -2.22381e+11            0  2.96507e+11  2.22381e+11            0  5.93015e+11            0            0            0            0            0            0            0            0            0            0            0            0            0            0            0            0            0            0            0            0            0
           0            0            0  -1.1119e+11            0 -2.22381e+11            0            0            0            0            0            0  1.11439e+11            0 -2.22381e+11 -2.48401e+08            0            0            0            0            0            0            0            0            0            0            0            0            0            0            0            0            0
           0            0            0            0 -3.10501e+08            0            0            0            0            0            0            0            0  5.72399e+10  1.42324e+11            0 -5.69294e+10  1.42324e+11            0            0            0            0            0            0            0            0            0            0            0            0            0            0            0
           0            0            0  2.22381e+11            0  2.96507e+11            0            0            0            0            0            0 -2.22381e+11  1.42324e+11  1.06743e+12            0 -1.42324e+11  2.37206e+11            0            0            0            0            0            0            0            0            0            0            0            0            0            0            0
           0            0            0            0            0            0  -1.1119e+11            0 -2.22381e+11            0            0            0 -2.48401e+08            0            0  2.22877e+11            0            0            0            0            0            0            0            0 -2.48401e+08            0            0  -1.1119e+11            0  2.22381e+11            0            0            0
           0            0            0            0            0            0            0 -3.10501e+08            0            0            0            0            0 -5.69294e+10 -1.42324e+11            0   1.1448e+11            0            0            0            0            0            0            0            0 -5.69294e+10  1.42324e+11            0 -3.10501e+08            0            0            0            0
           0            0            0            0            0            0  2.22381e+11            0  2.96507e+11            0            0            0            0  1.42324e+11  2.37206e+11            0            0  2.13485e+12            0            0            0            0            0            0            0 -1.42324e+11  2.37206e+11 -2.22381e+11            0  2.96507e+11            0            0            0
           0            0            0            0            0            0 -2.48401e+08            0            0            0            0            0            0            0            0            0            0            0  2.22629e+11            0            0  -1.1119e+11            0 -2.22381e+11  -1.1119e+11            0  2.22381e+11            0            0            0            0            0            0
           0            0            0            0            0            0            0 -5.69294e+10 -1.42324e+11            0            0            0            0            0            0            0            0            0            0  5.75504e+10 -1.42324e+11            0 -3.10501e+08            0            0 -3.10501e+08            0            0            0            0            0            0            0
           0            0            0            0            0            0            0  1.42324e+11  2.37206e+11            0            0            0            0            0            0            0            0            0            0 -1.42324e+11  1.66044e+12  2.22381e+11            0  2.96507e+11 -2.22381e+11            0  2.96507e+11            0            0            0            0            0            0
           0            0            0            0            0            0            0            0            0            0            0            0            0            0            0            0            0            0  -1.1119e+11            0  2.22381e+11   1.1119e+11            0  2.22381e+11            0            0            0            0            0            0            0            0            0
           0            0            0            0            0            0            0            0            0            0            0            0            0            0            0            0            0            0            0 -3.10501e+08            0            0  3.10501e+08            0            0            0            0            0            0            0            0            0            0
           0            0            0            0            0            0            0            0            0            0            0            0            0            0            0            0            0            0 -2.22381e+11            0  2.96507e+11  2.22381e+11            0  5.93015e+11            0            0            0            0            0            0            0            0            0
           0            0            0            0            0            0            0            0            0            0            0            0            0            0            0 -2.48401e+08            0            0  -1.1119e+11            0 -2.22381e+11            0            0            0  2.22629e+11            0            0            0            0            0  -1.1119e+11            0  2.22381e+11
           0            0            0            0            0            0            0            0            0            0            0            0            0            0            0            0 -5.69294e+10 -1.42324e+11            0 -3.10501e+08            0            0            0            0            0  5.75504e+10 -1.42324e+11            0            0            0            0 -3.10501e+08            0
           0            0            0            0            0            0            0            0            0            0            0            0            0            0            0            0  1.42324e+11  2.37206e+11  2.22381e+11            0  2.96507e+11            0            0            0            0 -1.42324e+11  1.66044e+12            0            0            0 -2.22381e+11            0  2.96507e+11
           0            0            0            0            0            0            0            0            0            0            0            0            0            0            0  -1.1119e+11            0 -2.22381e+11            0            0            0            0            0            0            0            0            0  1.11439e+11            0 -2.22381e+11 -2.48401e+08            0            0
           0            0            0            0            0            0            0            0            0            0            0            0            0            0            0            0 -3.10501e+08            0            0            0            0            0            0            0            0            0            0            0  5.72399e+10  1.42324e+11            0 -5.69294e+10  1.42324e+11
           0            0            0            0            0            0            0            0            0            0            0            0            0            0            0  2.22381e+11            0  2.96507e+11            0            0            0            0            0            0            0            0            0 -2.22381e+11  1.42324e+11  1.06743e+12            0 -1.42324e+11  2.37206e+11
           0            0            0            0            0            0            0            0            0            0            0            0            0            0            0            0            0            0            0            0            0            0            0            0  -1.1119e+11            0 -2.22381e+11 -2.48401e+08            0            0  1.11439e+11            0 -2.22381e+11
           0            0            0            0            0            0            0            0            0            0            0            0            0            0            0            0            0            0            0            0            0            0            0            0            0 -3.10501e+08            0            0 -5.69294e+10 -1.42324e+11            0  5.72399e+10 -1.42324e+11
           0            0            0            0            0            0            0            0            0            0            0            0            0            0            0            0            0            0            0            0            0            0            0            0  2.22381e+11            0  2.96507e+11            0  1.42324e+11  2.37206e+11 -2.22381e+11 -1.42324e+11  1.06743e+12

Global Point Mass Matrix
0 0 0 0 0 0 0 0 0 0 0 0 0 0 0 0 0 0 0 0 0 0 0 0 0 0 0 0 0 0 0 0 0
0 0 0 0 0 0 0 0 0 0 0 0 0 0 0 0 0 0 0 0 0 0 0 0 0 0 0 0 0 0 0 0 0
0 0 0 0 0 0 0 0 0 0 0 0 0 0 0 0 0 0 0 0 0 0 0 0 0 0 0 0 0 0 0 0 0
0 0 0 0 0 0 0 0 0 0 0 0 0 0 0 0 0 0 0 0 0 0 0 0 0 0 0 0 0 0 0 0 0
0 0 0 0 0 0 0 0 0 0 0 0 0 0 0 0 0 0 0 0 0 0 0 0 0 0 0 0 0 0 0 0 0
0 0 0 0 0 0 0 0 0 0 0 0 0 0 0 0 0 0 0 0 0 0 0 0 0 0 0 0 0 0 0 0 0
0 0 0 0 0 0 0 0 0 0 0 0 0 0 0 0 0 0 0 0 0 0 0 0 0 0 0 0 0 0 0 0 0
0 0 0 0 0 0 0 0 0 0 0 0 0 0 0 0 0 0 0 0 0 0 0 0 0 0 0 0 0 0 0 0 0
0 0 0 0 0 0 0 0 0 0 0 0 0 0 0 0 0 0 0 0 0 0 0 0 0 0 0 0 0 0 0 0 0
0 0 0 0 0 0 0 0 0 0 0 0 0 0 0 0 0 0 0 0 0 0 0 0 0 0 0 0 0 0 0 0 0
0 0 0 0 0 0 0 0 0 0 0 0 0 0 0 0 0 0 0 0 0 0 0 0 0 0 0 0 0 0 0 0 0
0 0 0 0 0 0 0 0 0 0 0 0 0 0 0 0 0 0 0 0 0 0 0 0 0 0 0 0 0 0 0 0 0
0 0 0 0 0 0 0 0 0 0 0 0 0 0 0 0 0 0 0 0 0 0 0 0 0 0 0 0 0 0 0 0 0
0 0 0 0 0 0 0 0 0 0 0 0 0 0 0 0 0 0 0 0 0 0 0 0 0 0 0 0 0 0 0 0 0
0 0 0 0 0 0 0 0 0 0 0 0 0 0 0 0 0 0 0 0 0 0 0 0 0 0 0 0 0 0 0 0 0
0 0 0 0 0 0 0 0 0 0 0 0 0 0 0 0 0 0 0 0 0 0 0 0 0 0 0 0 0 0 0 0 0
0 0 0 0 0 0 0 0 0 0 0 0 0 0 0 0 0 0 0 0 0 0 0 0 0 0 0 0 0 0 0 0 0
0 0 0 0 0 0 0 0 0 0 0 0 0 0 0 0 0 0 0 0 0 0 0 0 0 0 0 0 0 0 0 0 0
0 0 0 0 0 0 0 0 0 0 0 0 0 0 0 0 0 0 0 0 0 0 0 0 0 0 0 0 0 0 0 0 0
0 0 0 0 0 0 0 0 0 0 0 0 0 0 0 0 0 0 0 0 0 0 0 0 0 0 0 0 0 0 0 0 0
0 0 0 0 0 0 0 0 0 0 0 0 0 0 0 0 0 0 0 0 0 0 0 0 0 0 0 0 0 0 0 0 0
0 0 0 0 0 0 0 0 0 0 0 0 0 0 0 0 0 0 0 0 0 0 0 0 0 0 0 0 0 0 0 0 0
0 0 0 0 0 0 0 0 0 0 0 0 0 0 0 0 0 0 0 0 0 0 0 0 0 0 0 0 0 0 0 0 0
0 0 0 0 0 0 0 0 0 0 0 0 0 0 0 0 0 0 0 0 0 0 0 0 0 0 0 0 0 0 0 0 0
0 0 0 0 0 0 0 0 0 0 0 0 0 0 0 0 0 0 0 0 0 0 0 0 0 0 0 0 0 0 0 0 0
0 0 0 0 0 0 0 0 0 0 0 0 0 0 0 0 0 0 0 0 0 0 0 0 0 0 0 0 0 0 0 0 0
0 0 0 0 0 0 0 0 0 0 0 0 0 0 0 0 0 0 0 0 0 0 0 0 0 0 0 0 0 0 0 0 0
0 0 0 0 0 0 0 0 0 0 0 0 0 0 0 0 0 0 0 0 0 0 0 0 0 0 0 0 0 0 0 0 0
0 0 0 0 0 0 0 0 0 0 0 0 0 0 0 0 0 0 0 0 0 0 0 0 0 0 0 0 0 0 0 0 0
0 0 0 0 0 0 0 0 0 0 0 0 0 0 0 0 0 0 0 0 0 0 0 0 0 0 0 0 0 0 0 0 0
0 0 0 0 0 0 0 0 0 0 0 0 0 0 0 0 0 0 0 0 0 0 0 0 0 0 0 0 0 0 0 0 0
0 0 0 0 0 0 0 0 0 0 0 0 0 0 0 0 0 0 0 0 0 0 0 0 0 0 0 0 0 0 0 0 0
0 0 0 0 0 0 0 0 0 0 0 0 0 0 0 0 0 0 0 0 0 0 0 0 0 0 0 0 0 0 0 0 0

Global Consistent Mass Matrix
 6.97991e-05            0  3.93738e-05  2.41612e-05            0 -2.32664e-05            0            0            0            0            0            0            0            0            0            0            0            0            0            0            0            0            0            0            0            0            0            0            0            0            0            0            0
           0  6.26402e-05            0            0  3.13201e-05            0            0            0            0            0            0            0            0            0            0            0            0            0            0            0            0            0            0            0            0            0            0            0            0            0            0            0            0
 3.93738e-05            0  2.86355e-05  2.32664e-05            0 -2.14766e-05            0            0            0            0            0            0            0            0            0            0            0            0            0            0            0            0            0            0            0            0            0            0            0            0            0            0            0
 2.41612e-05            0  2.32664e-05  0.000217898            0            0  3.91501e-05            0            0            0            0            0  2.41612e-05            0 -2.32664e-05            0            0            0            0            0            0            0            0            0            0            0            0            0            0            0            0            0            0
           0  3.13201e-05            0            0  0.000212529  6.15216e-05            0  3.02015e-05 -3.63537e-05            0            0            0            0  3.13201e-05            0            0            0            0            0            0            0            0            0            0            0            0            0            0            0            0            0            0            0
-2.32664e-05            0 -2.14766e-05            0  6.15216e-05    0.0001132            0  3.63537e-05 -4.19465e-05            0            0            0  2.32664e-05            0 -2.14766e-05            0            0            0            0            0            0            0            0            0            0            0            0            0            0            0            0            0            0
           0            0            0  3.91501e-05            0            0  0.000296199            0            0  2.41612e-05            0  2.32664e-05            0            0            0  2.41612e-05            0 -2.32664e-05  3.91501e-05            0            0            0            0            0            0            0            0            0            0            0            0            0            0
           0            0            0            0  3.02015e-05  3.63537e-05            0  0.000299778            0            0  3.13201e-05            0            0            0            0            0  3.13201e-05            0            0  3.02015e-05 -3.63537e-05            0            0            0            0            0            0            0            0            0            0            0            0
           0            0            0            0 -3.63537e-05 -4.19465e-05            0            0  0.000169128 -2.32664e-05            0 -2.14766e-05            0            0            0  2.32664e-05            0 -2.14766e-05            0  3.63537e-05 -4.19465e-05            0            0            0            0            0            0            0            0            0            0            0            0
           0            0            0            0            0            0  2.41612e-05            0 -2.32664e-05  6.97991e-05            0  3.93738e-05            0            0            0            0            0            0            0            0            0            0            0            0            0            0            0            0            0            0            0            0            0
           0            0            0            0            0            0            0  3.13201e-05            0            0  6.26402e-05            0            0            0            0            0            0            0            0            0            0            0            0            0            0            0            0            0            0            0            0            0            0
           0            0            0            0            0            0  2.32664e-05            0 -2.14766e-05  3.93738e-05            0  2.86355e-05            0            0            0            0            0            0            0            0            0            0            0            0            0            0            0            0            0            0            0            0            0
           0            0            0  2.41612e-05            0  2.32664e-05            0            0            0            0            0            0  0.000148099            0 -3.93738e-05  3.91501e-05            0            0            0            0            0            0            0            0            0            0            0            0            0            0            0            0            0
           0            0            0            0  3.13201e-05            0            0            0            0            0            0            0            0  0.000149889  6.15216e-05            0  3.02015e-05 -3.63537e-05            0            0            0            0            0            0            0            0            0            0            0            0            0            0            0
           0            0            0 -2.32664e-05            0 -2.14766e-05            0            0            0            0            0            0 -3.93738e-05  6.15216e-05  8.45642e-05            0  3.63537e-05 -4.19465e-05            0            0            0            0            0            0            0            0            0            0            0            0            0            0            0
           0            0            0            0            0            0  2.41612e-05            0  2.32664e-05            0            0            0  3.91501e-05            0            0  0.000296199            0            0            0            0            0            0            0            0  3.91501e-05            0            0  2.41612e-05            0 -2.32664e-05            0            0            0
           0            0            0            0            0            0            0  3.13201e-05            0            0            0            0            0  3.02015e-05  3.63537e-05            0  0.000299778            0            0            0            0            0            0            0            0  3.02015e-05 -3.63537e-05            0  3.13201e-05            0            0            0            0
           0            0            0            0            0            0 -2.32664e-05            0 -2.14766e-05            0            0            0            0 -3.63537e-05 -4.19465e-05            0            0  0.000169128            0            0            0            0            0            0            0  3.63537e-05 -4.19465e-05  2.32664e-05            0 -2.14766e-05            0            0            0
           0            0            0            0            0            0  3.91501e-05            0            0            0            0            0            0            0            0            0            0            0  0.000217898            0            0  2.41612e-05            0  2.32664e-05  2.41612e-05            0 -2.32664e-05            0            0            0            0            0            0
           0            0            0            0            0            0            0  3.02015e-05  3.63537e-05            0            0            0            0            0            0            0            0            0            0  0.000212529 -6.15216e-05            0  3.13201e-05            0            0  3.13201e-05            0            0            0            0            0            0            0
           0            0            0            0            0            0            0 -3.63537e-05 -4.19465e-05            0            0            0            0            0            0            0            0            0            0 -6.15216e-05    0.0001132 -2.32664e-05            0 -2.14766e-05  2.32664e-05            0 -2.14766e-05            0            0            0            0            0            0
           0            0            0            0            0            0            0            0            0            0            0            0            0            0            0            0            0            0  2.41612e-05            0 -2.32664e-05  6.97991e-05            0  3.93738e-05            0            0            0            0            0            0            0            0            0
           0            0            0            0            0            0            0            0            0            0            0            0            0            0            0            0            0            0            0  3.13201e-05            0            0  6.26402e-05            0            0            0            0            0            0            0            0            0            0
           0            0            0            0            0            0            0            0            0            0            0            0            0            0            0            0            0            0  2.32664e-05            0 -2.14766e-05  3.93738e-05            0  2.86355e-05            0            0            0            0            0            0            0            0            0
           0            0            0            0            0            0            0            0            0            0            0            0            0            0            0  3.91501e-05            0            0  2.41612e-05            0  2.32664e-05            0            0            0  0.000217898            0            0            0            0            0  2.41612e-05            0 -2.32664e-05
           0            0            0            0            0            0            0            0            0            0            0            0            0            0            0            0  3.02015e-05  3.63537e-05            0  3.13201e-05            0            0            0            0            0  0.000212529 -6.15216e-05            0            0            0            0  3.13201e-05            0
           0            0            0            0            0            0            0            0            0            0            0            0            0            0            0            0 -3.63537e-05 -4.19465e-05 -2.32664e-05            0 -2.14766e-05            0            0            0            0 -6.15216e-05    0.0001132            0            0            0  2.32664e-05            0 -2.14766e-05
           0            0            0            0            0            0            0            0            0            0            0            0            0            0            0  2.41612e-05            0  2.32664e-05            0            0            0            0            0            0            0            0            0  0.000148099            0 -3.93738e-05  3.91501e-05            0            0
           0            0            0            0            0            0            0            0            0            0            0            0            0            0            0            0  3.13201e-05            0            0            0            0            0            0            0            0            0            0            0  0.000149889  6.15216e-05            0  3.02015e-05 -3.63537e-05
           0            0            0            0            0            0            0            0            0            0            0            0            0            0            0 -2.32664e-05            0 -2.14766e-05            0            0            0            0            0            0            0            0            0 -3.93738e-05  6.15216e-05  8.45642e-05            0  3.63537e-05 -4.19465e-05
           0            0            0            0            0            0            0            0            0            0            0            0            0            0            0            0            0            0            0            0            0            0            0            0  2.41612e-05            0  2.32664e-05  3.91501e-05            0            0  0.000148099            0 -3.93738e-05
           0            0            0            0            0            0            0            0            0            0            0            0            0            0            0            0            0            0            0            0            0            0            0            0            0  3.13201e-05            0            0  3.02015e-05  3.63537e-05            0  0.000149889 -6.15216e-05
           0            0            0            0            0            0            0            0            0            0            0            0            0            0            0            0            0            0            0            0            0            0            0            0 -2.32664e-05            0 -2.14766e-05            0 -3.63537e-05 -4.19465e-05 -3.93738e-05 -6.15216e-05  8.45642e-05

Global DOF Matrix
0
0
0
1
1
1
1
1
1
0
0
0
1
1
1
1
1
1
1
1
1
0
0
0
1
1
1
1
1
1
1
1
1

Reduced Global Stiffness Matrix
 2.22629e+11            0            0 -2.48401e+08            0            0  -1.1119e+11            0  2.22381e+11            0            0            0            0            0            0            0            0            0            0            0            0            0            0            0
           0  5.75504e+10  1.42324e+11            0 -5.69294e+10  1.42324e+11            0 -3.10501e+08            0            0            0            0            0            0            0            0            0            0            0            0            0            0            0            0
           0  1.42324e+11  1.66044e+12            0 -1.42324e+11  2.37206e+11 -2.22381e+11            0  2.96507e+11            0            0            0            0            0            0            0            0            0            0            0            0            0            0            0
-2.48401e+08            0            0  2.22877e+11            0            0            0            0            0  -1.1119e+11            0  2.22381e+11 -2.48401e+08            0            0            0            0            0            0            0            0            0            0            0
           0 -5.69294e+10 -1.42324e+11            0   1.1448e+11            0            0            0            0            0 -3.10501e+08            0            0 -5.69294e+10  1.42324e+11            0            0            0            0            0            0            0            0            0
           0  1.42324e+11  2.37206e+11            0            0  2.13485e+12            0            0            0 -2.22381e+11            0  2.96507e+11            0 -1.42324e+11  2.37206e+11            0            0            0            0            0            0            0            0            0
 -1.1119e+11            0 -2.22381e+11            0            0            0  1.11439e+11            0 -2.22381e+11 -2.48401e+08            0            0            0            0            0            0            0            0            0            0            0            0            0            0
           0 -3.10501e+08            0            0            0            0            0  5.72399e+10  1.42324e+11            0 -5.69294e+10  1.42324e+11            0            0            0            0            0            0            0            0            0            0            0            0
 2.22381e+11            0  2.96507e+11            0            0            0 -2.22381e+11  1.42324e+11  1.06743e+12            0 -1.42324e+11  2.37206e+11            0            0            0            0            0            0            0            0            0            0            0            0
           0            0            0  -1.1119e+11            0 -2.22381e+11 -2.48401e+08            0            0  2.22877e+11            0            0            0            0            0 -2.48401e+08            0            0  -1.1119e+11            0  2.22381e+11            0            0            0
           0            0            0            0 -3.10501e+08            0            0 -5.69294e+10 -1.42324e+11            0   1.1448e+11            0            0            0            0            0 -5.69294e+10  1.42324e+11            0 -3.10501e+08            0            0            0            0
           0            0            0  2.22381e+11            0  2.96507e+11            0  1.42324e+11  2.37206e+11            0            0  2.13485e+12            0            0            0            0 -1.42324e+11  2.37206e+11 -2.22381e+11            0  2.96507e+11            0            0            0
           0            0            0 -2.48401e+08            0            0            0            0            0            0            0            0  2.22629e+11            0            0  -1.1119e+11            0  2.22381e+11            0            0            0            0            0            0
           0            0            0            0 -5.69294e+10 -1.42324e+11            0            0            0            0            0            0            0  5.75504e+10 -1.42324e+11            0 -3.10501e+08            0            0            0            0            0            0            0
           0            0            0            0  1.42324e+11  2.37206e+11            0            0            0            0            0            0            0 -1.42324e+11  1.66044e+12 -2.22381e+11            0  2.96507e+11            0            0            0            0            0            0
           0            0            0            0            0            0            0            0            0 -2.48401e+08            0            0  -1.1119e+11            0 -2.22381e+11  2.22629e+11            0            0            0            0            0  -1.1119e+11            0  2.22381e+11
           0            0            0            0            0            0            0            0            0            0 -5.69294e+10 -1.42324e+11            0 -3.10501e+08            0            0  5.75504e+10 -1.42324e+11            0            0            0            0 -3.10501e+08            0
           0            0            0            0            0            0            0            0            0            0  1.42324e+11  2.37206e+11  2.22381e+11            0  2.96507e+11            0 -1.42324e+11  1.66044e+12            0            0            0 -2.22381e+11            0  2.96507e+11
           0            0            0            0            0            0            0            0            0  -1.1119e+11            0 -2.22381e+11            0            0            0            0            0            0  1.11439e+11            0 -2.22381e+11 -2.48401e+08            0            0
           0            0            0            0            0            0            0            0            0            0 -3.10501e+08            0            0            0            0            0            0            0            0  5.72399e+10  1.42324e+11            0 -5.69294e+10  1.42324e+11
           0            0            0            0            0            0            0            0            0  2.22381e+11            0  2.96507e+11            0            0            0            0            0            0 -2.22381e+11  1.42324e+11  1.06743e+12            0 -1.42324e+11  2.37206e+11
           0            0            0            0            0            0            0            0            0            0            0            0            0            0            0  -1.1119e+11            0 -2.22381e+11 -2.48401e+08            0            0  1.11439e+11            0 -2.22381e+11
           0            0            0            0            0            0            0            0            0            0            0            0            0            0            0            0 -3.10501e+08            0            0 -5.69294e+10 -1.42324e+11            0  5.72399e+10 -1.42324e+11
           0            0            0            0            0            0            0            0            0            0            0            0            0            0            0  2.22381e+11            0  2.96507e+11            0  1.42324e+11  2.37206e+11 -2.22381e+11 -1.42324e+11  1.06743e+12

Reduced Global Mass Matrix
 0.000217898            0            0  3.91501e-05            0            0  2.41612e-05            0 -2.32664e-05            0            0            0            0            0            0            0            0            0            0            0            0            0            0            0
           0  0.000212529  6.15216e-05            0  3.02015e-05 -3.63537e-05            0  3.13201e-05            0            0            0            0            0            0            0            0            0            0            0            0            0            0            0            0
           0  6.15216e-05    0.0001132            0  3.63537e-05 -4.19465e-05  2.32664e-05            0 -2.14766e-05            0            0            0            0            0            0            0            0            0            0            0            0            0            0            0
 3.91501e-05            0            0  0.000296199            0            0            0            0            0  2.41612e-05            0 -2.32664e-05  3.91501e-05            0            0            0            0            0            0            0            0            0            0            0
           0  3.02015e-05  3.63537e-05            0  0.000299778            0            0            0            0            0  3.13201e-05            0            0  3.02015e-05 -3.63537e-05            0            0            0            0            0            0            0            0            0
           0 -3.63537e-05 -4.19465e-05            0            0  0.000169128            0            0            0  2.32664e-05            0 -2.14766e-05            0  3.63537e-05 -4.19465e-05            0            0            0            0            0            0            0            0            0
 2.41612e-05            0  2.32664e-05            0            0            0  0.000148099            0 -3.93738e-05  3.91501e-05            0            0            0            0            0            0            0            0            0            0            0            0            0            0
           0  3.13201e-05            0            0            0            0            0  0.000149889  6.15216e-05            0  3.02015e-05 -3.63537e-05            0            0            0            0            0            0            0            0            0            0            0            0
-2.32664e-05            0 -2.14766e-05            0            0            0 -3.93738e-05  6.15216e-05  8.45642e-05            0  3.63537e-05 -4.19465e-05            0            0            0            0            0            0            0            0            0            0            0            0
           0            0            0  2.41612e-05            0  2.32664e-05  3.91501e-05            0            0  0.000296199            0            0            0            0            0  3.91501e-05            0            0  2.41612e-05            0 -2.32664e-05            0            0            0
           0            0            0            0  3.13201e-05            0            0  3.02015e-05  3.63537e-05            0  0.000299778            0            0            0            0            0  3.02015e-05 -3.63537e-05            0  3.13201e-05            0            0            0            0
           0            0            0 -2.32664e-05            0 -2.14766e-05            0 -3.63537e-05 -4.19465e-05            0            0  0.000169128            0            0            0            0  3.63537e-05 -4.19465e-05  2.32664e-05            0 -2.14766e-05            0            0            0
           0            0            0  3.91501e-05            0            0            0            0            0            0            0            0  0.000217898            0            0  2.41612e-05            0 -2.32664e-05            0            0            0            0            0            0
           0            0            0            0  3.02015e-05  3.63537e-05            0            0            0            0            0            0            0  0.000212529 -6.15216e-05            0  3.13201e-05            0            0            0            0            0            0            0
           0            0            0            0 -3.63537e-05 -4.19465e-05            0            0            0            0            0            0            0 -6.15216e-05    0.0001132  2.32664e-05            0 -2.14766e-05            0            0            0            0            0            0
           0            0            0            0            0            0            0            0            0  3.91501e-05            0            0  2.41612e-05            0  2.32664e-05  0.000217898            0            0            0            0            0  2.41612e-05            0 -2.32664e-05
           0            0            0            0            0            0            0            0            0            0  3.02015e-05  3.63537e-05            0  3.13201e-05            0            0  0.000212529 -6.15216e-05            0            0            0            0  3.13201e-05            0
           0            0            0            0            0            0            0            0            0            0 -3.63537e-05 -4.19465e-05 -2.32664e-05            0 -2.14766e-05            0 -6.15216e-05    0.0001132            0            0            0  2.32664e-05            0 -2.14766e-05
           0            0            0            0            0            0            0            0            0  2.41612e-05            0  2.32664e-05            0            0            0            0            0            0  0.000148099            0 -3.93738e-05  3.91501e-05            0            0
           0            0            0            0            0            0            0            0            0            0  3.13201e-05            0            0            0            0            0            0            0            0  0.000149889  6.15216e-05            0  3.02015e-05 -3.63537e-05
           0            0            0            0            0            0            0            0            0 -2.32664e-05            0 -2.14766e-05            0            0            0            0            0            0 -3.93738e-05  6.15216e-05  8.45642e-05            0  3.63537e-05 -4.19465e-05
           0            0            0            0            0            0            0            0            0            0            0            0            0            0            0  2.41612e-05            0  2.32664e-05  3.91501e-05            0            0  0.000148099            0 -3.93738e-05
           0            0            0            0            0            0            0            0            0            0            0            0            0            0            0            0  3.13201e-05            0            0  3.02015e-05  3.63537e-05            0  0.000149889 -6.15216e-05
           0            0            0            0            0            0            0            0            0            0            0            0            0            0            0 -2.32664e-05            0 -2.14766e-05            0 -3.63537e-05 -4.19465e-05 -3.93738e-05 -6.15216e-05  8.45642e-05

Cholesky Decomposition L - Matrix
   0.0147614            0            0            0            0            0            0            0            0            0            0            0            0            0            0            0            0            0            0            0            0            0            0            0
           0    0.0145784            0            0            0            0            0            0            0            0            0            0            0            0            0            0            0            0            0            0            0            0            0            0
           0   0.00422006   0.00976682            0            0            0            0            0            0            0            0            0            0            0            0            0            0            0            0            0            0            0            0            0
   0.0026522            0            0    0.0170048            0            0            0            0            0            0            0            0            0            0            0            0            0            0            0            0            0            0            0            0
           0   0.00207166   0.00282703            0    0.0169557            0            0            0            0            0            0            0            0            0            0            0            0            0            0            0            0            0            0            0
           0  -0.00249367  -0.00321733            0  0.000841109    0.0123228            0            0            0            0            0            0            0            0            0            0            0            0            0            0            0            0            0            0
  0.00163679            0   0.00238218 -0.000255285 -0.000397184  0.000649069    0.0117941            0            0            0            0            0            0            0            0            0            0            0            0            0            0            0            0            0
           0   0.00214839 -0.000928279            0 -0.000107721  0.000199744  0.000172874    0.0120138            0            0            0            0            0            0            0            0            0            0            0            0            0            0            0            0
 -0.00157616            0  -0.00219894   0.00024583  0.000366631  -0.00059914  -0.00262491   0.00500204    0.0066918            0            0            0            0            0            0            0            0            0            0            0            0            0            0            0
           0            0            0   0.00142084            0   0.00188807   0.00324631  -7.8105e-05   0.00144862    0.0166725            0            0            0            0            0            0            0            0            0            0            0            0            0            0
           0            0            0            0   0.00184718 -0.000126082   6.9145e-05   0.00253158   0.00345488 -0.000287509    0.0166709            0            0            0            0            0            0            0            0            0            0            0            0            0
           0            0            0  -0.00136822            0  -0.00174284  6.62987e-05  -0.00299798  -0.00410717  0.000643873   0.00130408    0.0116723            0            0            0            0            0            0            0            0            0            0            0            0
           0            0            0   0.00230229            0            0  4.98334e-05 -7.17087e-07 -6.44935e-05 -0.000200306  9.81335e-06  0.000256666    0.0145769            0            0            0            0            0            0            0            0            0            0            0
           0            0            0            0   0.00178121   0.00282854 -9.56789e-05 -2.96802e-05  0.000140315 -0.000314018 -0.000205561  0.000504921 -1.21207e-05     0.014175            0            0            0            0            0            0            0            0            0            0
           0            0            0            0  -0.00214404  -0.00325763  0.000107074  3.33971e-05 -0.000157162  0.000361874  0.000246224 -0.000581213   1.3981e-05  -0.00338604   0.00927138            0            0            0            0            0            0            0            0            0
           0            0            0            0            0            0            0            0            0   0.00234819  4.04973e-05 -0.000134056    0.0016921  5.88286e-05   0.00242728    0.0142691            0            0            0            0            0            0            0            0
           0            0            0            0            0            0            0            0            0            0   0.00181164   0.00291212 -5.24954e-05   0.00213203  0.000913172 -0.000135685    0.0139773            0            0            0            0            0            0            0
           0            0            0            0            0            0            0            0            0            0  -0.00218067  -0.00335005  -0.00153566  8.63941e-05  -0.00243467  0.000570624  -0.00327526    0.0088247            0            0            0            0            0            0
           0            0            0            0            0            0            0            0            0   0.00144917  2.49926e-05   0.00191056  -1.3744e-05 -3.56013e-05  4.95632e-05 -0.000227258 -0.000401363  0.000608829    0.0119063            0            0            0            0            0
           0            0            0            0            0            0            0            0            0            0   0.00187873   -0.0002099  2.43108e-06  3.47236e-05 -5.03749e-05  8.33668e-07 -0.000201763  0.000295818  8.14241e-06    0.0120906            0            0            0            0
           0            0            0            0            0            0            0            0            0  -0.00139549 -2.40669e-05   -0.0017603   1.1835e-05  3.14496e-05 -4.37761e-05  0.000219093  0.000370104 -0.000561324  -0.00280894   0.00508306   0.00672955            0            0            0
           0            0            0            0            0            0            0            0            0            0            0            0            0            0            0   0.00169326  1.64373e-05   0.00253311   0.00319152 -6.39689e-05   0.00153573    0.0112369            0            0
           0            0            0            0            0            0            0            0            0            0            0            0            0            0            0            0   0.00224078  0.000831656  3.30099e-05   0.00251495   0.00346238 -0.000659016    0.0111995            0
           0            0            0            0            0            0            0            0            0            0            0            0            0            0            0  -0.00163054 -1.58285e-05  -0.00233414  8.76997e-05  -0.00294987  -0.00410918  -0.00221218   -0.0035144   0.00579806

L Inverse Matrix
    67.7443           0           0           0           0           0           0           0           0           0           0           0           0           0           0           0           0           0           0           0           0           0           0           0
          0     68.5947           0           0           0           0           0           0           0           0           0           0           0           0           0           0           0           0           0           0           0           0           0           0
          0    -29.6385     102.387           0           0           0           0           0           0           0           0           0           0           0           0           0           0           0           0           0           0           0           0           0
   -10.5659           0           0     58.8068           0           0           0           0           0           0           0           0           0           0           0           0           0           0           0           0           0           0           0           0
          0    -3.43935    -17.0712           0     58.9774           0           0           0           0           0           0           0           0           0           0           0           0           0           0           0           0           0           0           0
          0     6.37751     27.8973           0    -4.02558     81.1504           0           0           0           0           0           0           0           0           0           0           0           0           0           0           0           0           0           0
   -9.63025     5.51959    -22.7904     1.27288     2.20769    -4.46597      84.788           0           0           0           0           0           0           0           0           0           0           0           0           0           0           0           0           0
   0.138576     -14.773     7.62233  -0.0183163     0.56398    -1.28497    -1.22007     83.2379           0           0           0           0           0           0           0           0           0           0           0           0           0           0           0           0
    12.4633     4.22796     22.4404    -1.64734    -3.14727     6.47436     34.1707    -62.2193     149.437           0           0           0           0           0           0           0           0           0           0           0           0           0           0           0
     1.6933     -2.2335   -0.635756    -5.11636    0.302114    -8.88885    -19.4838     5.79598    -12.9841     59.9791           0           0           0           0           0           0           0           0           0           0           0           0           0           0
    -2.5348     1.73508    -3.62198    0.250659    -6.00265   -0.667656    -7.58397    0.354121    -31.1932     1.03441     59.9849           0           0           0           0           0           0           0           0           0           0           0           0           0
    3.42705    -1.45644     14.5886     6.55593   -0.922219     14.6553     13.1509   -0.873272     56.7839    -3.42416    -6.70178     85.6729           0           0           0           0           0           0           0           0           0           0           0           0
     1.7215 -0.00710524  -0.0855968    -9.48559  0.00298643   -0.335892   -0.632923   -0.176404   -0.496092     0.88379   0.0776205    -1.50851     68.6018           0           0           0           0           0           0           0           0           0           0           0
  -0.307932   -0.848383    -4.36795   -0.326485    -6.60799    -17.0189   -0.779083     0.95467    -4.24232     1.46644     1.10867    -3.05301     0.05866     70.5468           0           0           0           0           0           0           0           0           0           0
   0.422996     1.14657     5.91093    0.456533     9.81991     23.7477     1.10715    -1.29599     5.87946    -2.04895    -1.60839     4.25801   -0.082026     25.7647     107.859           0           0           0           0           0           0           0           0           0
  -0.514097    0.158248   -0.725377     1.95139     -1.6849     -2.3273     3.24136   -0.725583     1.83491    -9.66785   0.0266177    0.272039    -8.12147    -4.67364    -18.3476     70.0817           0           0           0           0           0           0           0           0
  -0.364661    0.134563    -2.29729     -1.3951      1.3202     -1.9462    -1.68136   0.0673876    -7.50873    0.398986    -6.44197    -17.6651    0.175224    -12.4895    -7.22477    0.680318     71.5444           0           0           0           0           0           0           0
   0.991798    0.238972     5.49603    0.385232     1.53999     11.4866     2.48759   -0.569675     12.5201     -0.6969       9.445     26.8915      12.505     2.08444     28.2624    -4.27913     26.5534     113.318           0           0           0           0           0           0
  -0.824217    0.489934    -2.66608   -0.473106 -0.00322235     -2.1159    0.147422   -0.540466    -8.36211     -6.8745    0.259974    -15.7416   -0.708841   -0.513122    -2.48794      1.5794     1.05395    -5.79451     83.9888           0           0           0           0           0
   0.425911   -0.291622    0.682304   0.0470904    0.961089    0.194126     1.32449  -0.0628158      5.4435   -0.204101    -9.78592    0.571991   -0.316299    -0.35401   -0.359726    0.110153    0.543515    -2.76863  -0.0565621     82.7087           0           0           0           0
   0.693456   -0.394334     2.71046    0.488269   -0.721883     2.33355    -1.35999    0.756412     5.90379     9.04342     7.08712     18.6578     1.11942    0.904034     3.28697    -2.09994    -1.69045     9.12468        35.1    -62.4728     148.598           0           0           0
-0.00383186   -0.164833   -0.735627   -0.310944  0.00985088    -1.95273   -0.895213    0.287428    -1.48875     2.32874     -3.2219    -4.15301     -1.5489    0.272806    -3.34049    -9.75777    -6.15579    -25.1623    -28.6521     9.00894    -20.3088     88.9929           0           0
  -0.308513    0.131585   -0.975091   0.0720944   -0.370561    -1.33728    0.221588   -0.172417    -2.53792    -2.62078    0.403677    -4.55711    -1.32776     2.16167    -1.77785    0.227281    -16.2511    -12.0776    -12.7722     1.27088    -47.1351     5.23666       89.29           0
   0.785856   -0.277308     3.43899     1.00227  -0.0937143     4.19337     1.40892    0.084254     10.5095     2.71105     2.84766     20.2595     1.99807     1.37341     6.03018     12.9464    -2.25151     33.8435     4.90324      2.0116     68.9954     37.1283     54.1217     172.471

Z Matrix
 1.02171e+15            0            0 -1.60343e+14            0            0  -7.8393e+14  1.12805e+13  2.18187e+15  -2.3219e+13 -4.51034e+14  8.07968e+14  2.34169e+13  -6.2681e+13  8.66065e+13 -4.55905e+12 -1.05931e+14  1.84829e+14 -1.39509e+14  7.84524e+13  1.09635e+14 -1.57375e+13 -4.45572e+13  1.59548e+14
           0  2.70788e+14  8.82569e+14            0 -4.10547e+14  1.10549e+15 -2.52926e+14 -4.24716e+11   3.1259e+14 -1.03106e+14 -1.15955e+13  2.83368e+14  -4.1508e+12 -1.86357e+14  2.55753e+14 -2.25824e+13 -4.60533e+13  1.60737e+14 -4.47266e+13  3.65328e+12  5.04891e+13 -2.69408e+13 -2.06047e+13  7.37814e+13
           0  8.82569e+14  1.65935e+16            0 -3.63439e+15   6.3876e+15 -5.75602e+15  1.06912e+15  7.70336e+15 -2.66918e+14 -1.28852e+15  4.13034e+15 -2.17132e+13 -1.10253e+15  1.49805e+15 -1.61324e+14 -6.24876e+14  1.44839e+15 -7.35351e+14  2.35979e+14  7.10629e+14 -1.88207e+14 -2.64125e+14  9.38918e+14
-1.60343e+14            0            0  7.95926e+14            0            0  1.39091e+14 -2.00148e+12 -3.62074e+14  -4.5565e+14  6.69052e+13  1.10264e+15 -1.54511e+14 -4.40137e+13  6.15525e+13  9.31867e+13 -2.35385e+14  3.32255e+14 -1.45329e+14 -2.80565e+12  1.74138e+14 -7.11362e+13 -3.45406e+13  2.35428e+14
           0 -4.10547e+14 -3.63439e+15            0  1.20917e+15 -1.48284e+15  1.17828e+15 -1.88775e+14 -1.54639e+15  7.19764e+13  1.99203e+14 -8.46946e+14   4.8885e+12 -3.53928e+13  5.50692e+14 -1.14478e+14  1.18966e+14 -6.76083e+13  1.29617e+14  -3.9702e+13 -1.26529e+14  1.25697e+13  2.96081e+13 -1.48176e+14
           0  1.10549e+15   6.3876e+15            0 -1.48284e+15  1.66621e+16 -2.78309e+15  4.54228e+13   3.7825e+15 -2.75584e+15 -5.36376e+14   6.1197e+15  -1.1901e+14 -4.28017e+15  6.56453e+15 -5.72389e+14 -9.87498e+14  3.69343e+15 -9.18794e+14  1.23068e+14  9.94854e+14 -6.19218e+14 -4.45622e+14  1.59842e+15
 -7.8393e+14 -2.52926e+14 -5.75602e+15  1.39091e+14  1.17828e+15 -2.78309e+15  2.78889e+15 -3.82963e+14 -5.16221e+15   2.5684e+14   9.6919e+14 -2.54154e+15 -6.75506e+12  6.22654e+14  -8.7178e+14  7.76357e+13  3.66608e+14 -8.42072e+14  4.36918e+14 -1.73721e+14 -3.95992e+14  1.06629e+14  1.55601e+14   -5.568e+14
 1.12805e+13 -4.24716e+11  1.06912e+15 -2.00148e+12 -1.88775e+14  4.54228e+13 -3.82963e+14  4.82719e+14  2.01063e+15 -8.55628e+13 -7.52875e+14  1.91098e+15 -2.37717e+13 -7.70868e+13  9.98676e+13  2.03193e+13 -2.95221e+14  4.52693e+14 -3.28039e+14  1.35022e+14  2.94908e+14  -5.1046e+13 -9.80789e+13  3.90887e+14
 2.18187e+15   3.1259e+14  7.70336e+15 -3.62074e+14 -1.54639e+15   3.7825e+15 -5.16221e+15  2.01063e+15  2.27407e+16 -1.43469e+15 -5.88475e+15  1.22178e+16 -5.53062e+13 -1.42094e+15  1.98596e+15  4.21745e+13  -1.6956e+15  3.10413e+15 -2.00123e+15  1.03599e+15  1.62996e+15 -3.52108e+14 -6.42631e+14  2.44553e+15
 -2.3219e+13 -1.03106e+14 -2.66918e+14  -4.5565e+14  7.19764e+13 -2.75584e+15   2.5684e+14 -8.55628e+13 -1.43469e+15  1.37993e+15  3.95284e+14 -1.62991e+15  1.12218e+14  7.39114e+14 -1.09819e+15 -7.41112e+13   2.4706e+14 -7.15273e+14  -4.1697e+14   -7.453e+13  1.64387e+15  6.53881e+13 -4.82715e+14  5.57668e+14
-4.51034e+14 -1.15955e+13 -1.28852e+15  6.69052e+13  1.99203e+14 -5.36376e+14   9.6919e+14 -7.52875e+14 -5.88475e+15  3.95284e+14  1.98768e+15 -3.22746e+15  2.09638e+13  3.28591e+14 -5.10428e+14 -1.80436e+13  1.53613e+14  1.51177e+14   4.5619e+14 -3.70948e+14 -2.50509e+14 -1.29028e+14  1.09849e+14 -2.99608e+14
 8.07968e+14  2.83368e+14  4.13034e+15  1.10264e+15 -8.46946e+14   6.1197e+15 -2.54154e+15  1.91098e+15  1.22178e+16 -1.62991e+15 -3.22746e+15  2.36079e+16  -5.4733e+14 -2.31657e+15  3.32882e+15  7.43585e+12 -5.21145e+15  9.27045e+15 -5.82228e+15  6.22295e+14  7.68019e+15 -1.47577e+15 -2.22951e+15  7.65318e+15
 2.34169e+13  -4.1508e+12 -2.17132e+13 -1.54511e+14   4.8885e+12  -1.1901e+14 -6.75506e+12 -2.37717e+13 -5.53062e+13  1.12218e+14  2.09638e+13  -5.4733e+14  1.08325e+15  5.01586e+13 -7.25704e+13 -6.74576e+14  1.20971e+14  1.74337e+15 -2.19505e+12 -5.40135e+13   4.0913e+13 -2.96808e+14 -1.71642e+14  2.96721e+14
 -6.2681e+13 -1.86357e+14 -1.10253e+15 -4.40137e+13 -3.53928e+13 -4.28017e+15  6.22654e+14 -7.70868e+13 -1.42094e+15  7.39114e+14  3.28591e+14 -2.31657e+15  5.01586e+13  1.46417e+15 -2.81104e+15  3.21384e+14  4.28685e+14 -1.50375e+15  4.38025e+14  -6.3603e+13 -4.91388e+14  2.32321e+14  2.04474e+14  -6.8848e+14
 8.66065e+13  2.55753e+14  1.49805e+15  6.15525e+13  5.50692e+14  6.56453e+15  -8.7178e+14  9.98676e+13  1.98596e+15 -1.09819e+15 -5.10428e+14  3.32882e+15 -7.25704e+13 -2.81104e+15  2.13954e+16 -5.08617e+15 -1.68345e+15  1.04699e+16 -1.24658e+15 -4.86895e+13  1.56147e+15 -1.45095e+15 -9.94164e+14  2.72446e+15
-4.55905e+12 -2.25824e+13 -1.61324e+14  9.31867e+13 -1.14478e+14 -5.72389e+14  7.76357e+13  2.03193e+13  4.21745e+13 -7.41112e+13 -1.80436e+13  7.43585e+12 -6.74576e+14  3.21384e+14 -5.08617e+15  2.39901e+15  3.02039e+14 -2.38183e+15  2.92191e+14  4.39073e+13 -5.58972e+14 -5.24823e+14  2.47646e+14  1.97619e+15
-1.05931e+14 -4.60533e+13 -6.24876e+14 -2.35385e+14  1.18966e+14 -9.87498e+14  3.66608e+14 -2.95221e+14  -1.6956e+15   2.4706e+14  1.53613e+14 -5.21145e+15  1.20971e+14  4.28685e+14 -1.68345e+15  3.02039e+14  1.61482e+15 -3.77913e+15  1.39396e+15 -3.99636e+12 -1.91874e+15  6.63614e+14  5.84586e+14 -2.18136e+15
 1.84829e+14  1.60737e+14  1.44839e+15  3.32255e+14 -6.76083e+13  3.69343e+15 -8.42072e+14  4.52693e+14  3.10413e+15 -7.15273e+14  1.51177e+14  9.27045e+15  1.74337e+15 -1.50375e+15  1.04699e+16 -2.38183e+15 -3.77913e+15  2.85481e+16 -3.57534e+15 -5.74175e+14  5.11902e+15  -7.9588e+15 -3.27598e+15   1.4811e+16
-1.39509e+14 -4.47266e+13 -7.35351e+14 -1.45329e+14  1.29617e+14 -9.18794e+14  4.36918e+14 -3.28039e+14 -2.00123e+15  -4.1697e+14   4.5619e+14 -5.82228e+15 -2.19505e+12  4.38025e+14 -1.24658e+15  2.92191e+14  1.39396e+15 -3.57534e+15  2.37027e+15 -6.93001e+13 -4.65685e+15  8.19949e+14  1.48309e+15 -3.74881e+15
 7.84524e+13  3.65328e+12  2.35979e+14 -2.80565e+12  -3.9702e+13  1.23068e+14 -1.73721e+14  1.35022e+14  1.03599e+15   -7.453e+13 -3.70948e+14  6.22295e+14 -5.40135e+13  -6.3603e+13 -4.86895e+13  4.39073e+13 -3.99636e+12 -5.74175e+14 -6.93001e+13  4.74274e+14  1.47934e+15 -3.26936e+12 -9.40845e+14  2.39331e+15
 1.09635e+14  5.04891e+13  7.10629e+14  1.74138e+14 -1.26529e+14  9.94854e+14 -3.95992e+14  2.94908e+14  1.62996e+15  1.64387e+15 -2.50509e+14  7.68019e+15   4.0913e+13 -4.91388e+14  1.56147e+15 -5.58972e+14 -1.91874e+15  5.11902e+15 -4.65685e+15  1.47934e+15   2.2061e+16  -2.9115e+15 -8.87711e+15  1.67968e+16
-1.57375e+13 -2.69408e+13 -1.88207e+14 -7.11362e+13  1.25697e+13 -6.19218e+14  1.06629e+14  -5.1046e+13 -3.52108e+14  6.53881e+13 -1.29028e+14 -1.47577e+15 -2.96808e+14  2.32321e+14 -1.45095e+15 -5.24823e+14  6.63614e+14  -7.9588e+15  8.19949e+14 -3.26936e+12  -2.9115e+15  3.51499e+15  1.77596e+15 -8.69369e+15
-4.45572e+13 -2.06047e+13 -2.64125e+14 -3.45406e+13  2.96081e+13 -4.45622e+14  1.55601e+14 -9.80789e+13 -6.42631e+14 -4.82715e+14  1.09849e+14 -2.22951e+15 -1.71642e+14  2.04474e+14 -9.94164e+14  2.47646e+14  5.84586e+14 -3.27598e+15  1.48309e+15 -9.40845e+14 -8.87711e+15  1.77596e+15  4.23147e+15 -9.69631e+15
 1.59548e+14  7.37814e+13  9.38918e+14  2.35428e+14 -1.48176e+14  1.59842e+15   -5.568e+14  3.90887e+14  2.44553e+15  5.57668e+14 -2.99608e+14  7.65318e+15  2.96721e+14  -6.8848e+14  2.72446e+15  1.97619e+15 -2.18136e+15   1.4811e+16 -3.74881e+15  2.39331e+15  1.67968e+16 -8.69369e+15 -9.69631e+15  4.45954e+16

Modal Analysis Success !!!!! 
Eigen Values 
2.71465e+11
1.91883e+12
3.42616e+12
4.38469e+12
2.42315e+13
5.25665e+13
6.26856e+13
1.59238e+14
 1.9043e+14
3.70002e+14
5.29957e+14
 5.7502e+14
7.12524e+14
1.10772e+15
1.46608e+15
1.70875e+15
  6.898e+15
1.18295e+16
1.28874e+16
1.72953e+16
1.90179e+16
2.98212e+16
4.22451e+16
7.63298e+16

Global Eigen Vector Matrix
        0         0         0         0         0         0         0         0         0         0         0         0         0         0         0         0         0         0         0         0         0         0         0         0
        0         0         0         0         0         0         0         0         0         0         0         0         0         0         0         0         0         0         0         0         0         0         0         0
        0         0         0         0         0         0         0         0         0         0         0         0         0         0         0         0         0         0         0         0         0         0         0         0
-0.002166 -0.016695 -0.112676    0.0292 -0.244491  0.425157  0.212549 -0.382299  0.066686  0.118329  -0.77219 -0.023813 -0.314251         1        -1 -0.195858  0.282548 -0.020098 -0.201595 -0.065688  0.075731   0.10023 -0.118028 -0.061068
 -0.47066  0.675029  0.058978 -0.722264  0.321374  -0.36675  0.422426 -0.193173         1 -0.003949 -0.387733    0.5013  0.861196  0.045826 -0.085532  -0.05506  0.474971 -0.309141  0.006789  0.088017  0.136143 -0.085506   0.06023  0.018666
-0.001082 -0.008167 -0.054342  0.013919 -0.101269  0.154009  0.071733 -0.067808 -0.040117 -0.002181  0.015574 -0.095313 -0.152052 -0.076369  0.115368  0.035489 -0.688235  0.738866  0.219897 -0.258263        -1  0.283615  -0.69056  -0.31354
-0.001897 -0.021913 -0.157034  0.046525 -0.178396  -0.08701 -0.520224 -0.194226  0.129817  0.494194  0.437858  0.944992 -0.080749  0.612798  0.612075   0.42203 -0.265748 -0.072143  0.117788   0.04322  0.067738  0.008492 -0.016638 -0.033378
-0.475825  0.629171 -0.259947 -0.636247  -0.12001  0.059548  0.135895 -0.084159 -0.020657  0.075189    0.6366 -0.429904        -1 -0.102301 -0.026119  0.070737   -0.0166 -0.126791 -0.170209  0.076447  0.108354 -0.137552  0.041199 -0.000461
-0.000945 -0.010355 -0.071308  0.020655 -0.064296 -0.006357 -0.158337  0.020744 -0.109746  0.054743  0.039954  0.005189  0.019773 -0.071129 -0.085992  -0.06701  0.782891  -0.57642  0.456023  0.291171 -0.586193 -0.319526 -0.428027  -0.30418
        0         0         0         0         0         0         0         0         0         0         0         0         0         0         0         0         0         0         0         0         0         0         0         0
        0         0         0         0         0         0         0         0         0         0         0         0         0         0         0         0         0         0         0         0         0         0         0         0
        0         0         0         0         0         0         0         0         0         0         0         0         0         0         0         0         0         0         0         0         0         0         0         0
-0.008503 -0.063091 -0.384212   0.10064 -0.678566         1  0.791861 -0.351188  0.359258 -0.198622  0.145439  0.059777  0.599059  -0.80806  0.995249  0.199128  0.268616 -0.361923  -0.14307 -0.011651  0.398624  0.073045 -0.103864 -0.082501
-0.801328  0.222091  0.709481  0.741646  0.271715  0.005231        -1        -1  -0.51723  0.271394        -1 -0.535995 -0.620979 -0.501565  0.293402 -0.060007 -0.752069  0.133353  0.478372  0.184153 -0.120577 -0.217408  0.291664  0.100274
-0.002086 -0.014905 -0.080066  0.021339  -0.10281  0.100523  0.193998   0.13352  0.134561  -0.14452  0.468529  0.132777  0.400996 -0.265985  0.328947  0.112075  0.952242 -0.451048        -1 -0.335824  0.864706  0.763632        -1 -0.632124
-0.007606 -0.079427 -0.522314  0.146765 -0.428429   -0.3221 -0.659365 -0.061703  0.307088   0.34421  0.117611  0.021944  0.081898 -0.663482 -0.734242 -0.372681 -0.046662  0.268176  -0.11405  0.104297 -0.001977  0.059211  0.098651 -0.030055
-0.812354  0.135699  0.243191  0.862211 -0.109415  0.071086 -0.025959   0.03128  0.121046 -0.489735  0.785647 -0.043248  0.530504  0.481465 -0.396746  0.049342  0.052218  0.200027  0.189939  0.000916 -0.054192 -0.131857  0.128251  -0.03582
-0.001907 -0.017878 -0.105114  0.027233 -0.042263 -0.074863  0.141182  0.111974  0.074575 -0.106592 -0.141449 -0.145478 -0.054482  0.056312 -0.069391 -0.067069 -0.888712 -0.117109  0.546196  0.266586    0.7182  0.103405 -0.223991 -0.609125
-0.001508  -0.02276 -0.159307  0.050101  0.232315   0.20181 -0.349917  0.117911  0.318489  -0.79619 -0.129204  0.578444  -0.55593 -0.059521  0.314338        -1  0.296218  0.175394  0.023417 -0.082531  0.074849 -0.123882  0.010931  -0.07654
-0.479963  0.574964 -0.625324 -0.524298 -0.089406  0.253074 -0.673124  0.418883 -0.913014 -0.233226 -0.510634  0.248149  0.821426  0.171526  0.031918 -0.004527 -0.447904   0.12065 -0.291782  0.033914  0.066441 -0.162145  0.004321 -0.038334
-0.000742 -0.010845 -0.073346  0.022735  0.081165  0.068097 -0.120582   0.06532  0.009449 -0.145001 -0.132824  0.088467  0.114754  0.001613 -0.049524  0.154472 -0.723722 -0.028148  -0.90729  0.336671 -0.159246        -1 -0.230035 -0.362424
        0         0         0         0         0         0         0         0         0         0         0         0         0         0         0         0         0         0         0         0         0         0         0         0
        0         0         0         0         0         0         0         0         0         0         0         0         0         0         0         0         0         0         0         0         0         0         0         0
        0         0         0         0         0         0         0         0         0         0         0         0         0         0         0         0         0         0         0         0         0         0         0         0
-0.005846 -0.079632 -0.537026  0.157694  0.635988  0.372589 -0.393299  0.180955  0.403657 -0.311614 -0.181764  0.002783 -0.233202 -0.228913 -0.325063  0.969996 -0.002264 -0.235029  0.166963 -0.189069 -0.082826  0.180385  0.112557 -0.053565
-0.820946  0.045425 -0.300997         1  0.010914 -0.154308  0.803898  0.641325  0.134988  0.723242 -0.602461   0.30496 -0.587641 -0.239845  0.301521   0.03083  0.570312  0.187641 -0.025867   -0.1498 -0.013548 -0.160983  0.045108 -0.059488
-0.001416 -0.017118 -0.109993  0.029055  0.091417 -0.004098  0.122363 -0.011508 -0.043866  0.358939  0.002131 -0.146103  0.021914 -0.024047  0.070419  0.101221  0.801378   0.57538  0.364893 -0.581656  0.446251 -0.673931  0.164334 -0.730863
-0.015083 -0.153648 -0.971707   0.26404 -0.498492 -0.760802  0.092572 -0.347084  0.069877        -1 -0.610682 -0.778556  -0.15012  0.666705  0.768691  0.539853  0.611495  0.164084 -0.140417  0.084873 -0.195422  0.056992  0.171245 -0.109446
-0.991633 -0.907945  0.333337 -0.948594 -0.079674  0.273228 -0.710845  0.603504  0.702247  0.676406 -0.244157 -0.981222  0.048027  0.285857  0.419075 -0.417743 -0.506116 -0.498592   -0.0284 -0.471466 -0.043647  -0.11618 -0.120162  0.180788
-0.001832 -0.018976 -0.116569  0.030333  0.010617 -0.119977  0.232987 -0.211614 -0.207278 -0.409666  -0.08762   0.09464 -0.065251  0.176567  0.248802  0.389253         1  0.709277 -0.324173         1 -0.358113   0.61936   0.73503 -0.984124
-0.011718 -0.149912        -1  0.283878         1  0.232213  0.344668 -0.459496 -0.274641  0.798402  0.769178 -0.343138  0.507915  0.250222   0.05621 -0.929679  -0.57011 -0.312363 -0.152721  0.042703 -0.182944  0.171408  0.099846 -0.079577
       -1        -1 -0.256645 -0.789571  0.144313 -0.226694  0.551399 -0.756076  -0.78946 -0.456566  0.422276         1  0.087157 -0.438733 -0.606019 -0.085217 -0.669449 -0.497985  0.015407 -0.403287 -0.153628  0.022962  0.151533 -0.172839
-0.001514  -0.01776  -0.11849  0.032964  0.076675 -0.068815  0.235987 -0.260673 -0.280102  0.069678  0.298767   0.21428  0.164347 -0.026276 -0.125448 -0.509457 -0.963002        -1 -0.295533 -0.657055 -0.742755  0.354108  0.848238        -1

