Reduced Global Stiffness Matrix
     310764           0     -395343     -310501           0           0
          0      414112      222381           0     -111.19      222381
    -395343      222381  1.3837e+09           0     -222381 2.96507e+08
    -310501           0           0      310764           0     -395343
          0     -111.19     -222381           0      414112     -222381
          0      222381 2.96507e+08     -395343     -222381  1.3837e+09

Reduced Global Mass Matrix
0 0 0 0 0 0
0 0 0 0 0 0
0 0 0 0 0 0
0 0 0 0 0 0
0 0 0 0 0 0
0 0 0 0 0 0

Reduced Global Load Matrix
-6.27744e+66
-6.27744e+66
-6.27744e+66
-6.27744e+66
-6.27744e+66
-6.27744e+66

Reduced Global EigenVector Matrix
        0         0         0         0         0         0
        0         0         0         0         0         0
        0         0         0         0         0         0
        1  0.005599        -1  0.410098  -0.15506        -1
-0.000228         1 -0.022452         1         1  0.613637
 0.000222  0.376839 -0.007913 -0.000865 -0.001027 -0.000975

Global Support Inclination Matrix
 1 -0  0  0  0  0  0  0  0  0  0  0
 0  1  0  0  0  0  0  0  0  0  0  0
 0  0  1  0  0  0  0  0  0  0  0  0
 0  0  0  1  0  0  0  0  0  0  0  0
 0  0  0  0  1  0  0  0  0  0  0  0
 0  0  0  0  0  1  0  0  0  0  0  0
 0  0  0  0  0  0  1  0  0  0  0  0
 0  0  0  0  0  0  0  1  0  0  0  0
 0  0  0  0  0  0  0  0  1  0  0  0
 0  0  0  0  0  0  0  0  0  1 -0  0
 0  0  0  0  0  0  0  0  0  0  1  0
 0  0  0  0  0  0  0  0  0  0  0  1

