Global Stiffness Matrix
    263.562           0      395343    -263.562           0      395343           0           0           0           0           0           0
          0      414001           0           0     -414001           0           0           0           0           0           0           0
     395343           0 7.90686e+08     -395343           0 3.95343e+08           0           0           0           0           0           0
   -263.562           0     -395343      310764           0     -395343     -310501           0           0           0           0           0
          0     -414001           0           0      414112      222381           0     -111.19      222381           0           0           0
     395343           0 3.95343e+08     -395343      222381  1.3837e+09           0     -222381 2.96507e+08           0           0           0
          0           0           0     -310501           0           0      310764           0     -395343    -263.562           0     -395343
          0           0           0           0     -111.19     -222381           0      414112     -222381           0     -414001           0
          0           0           0           0      222381 2.96507e+08     -395343     -222381  1.3837e+09      395343           0 3.95343e+08
          0           0           0           0           0           0    -263.562           0      395343     263.562           0      395343
          0           0           0           0           0           0           0     -414001           0           0      414001           0
          0           0           0           0           0           0     -395343           0 3.95343e+08      395343           0 7.90686e+08

Global Point Mass Matrix
0 0 0 0 0 0 0 0 0 0 0 0
0 0 0 0 0 0 0 0 0 0 0 0
0 0 0 0 0 0 0 0 0 0 0 0
0 0 0 0 0 0 0 0 0 0 0 0
0 0 0 0 0 0 0 0 0 0 0 0
0 0 0 0 0 0 0 0 0 0 0 0
0 0 0 0 0 0 0 0 0 0 0 0
0 0 0 0 0 0 0 0 0 0 0 0
0 0 0 0 0 0 0 0 0 0 0 0
0 0 0 0 0 0 0 0 0 0 0 0
0 0 0 0 0 0 0 0 0 0 0 0
0 0 0 0 0 0 0 0 0 0 0 0

Global Consistent Mass Matrix
0.0523493         0   22.1478 0.0181209         0  -13.0873         0         0         0         0         0         0
        0 0.0469801         0         0 0.0234901         0         0         0         0         0         0         0
  22.1478         0   12080.6   13.0873         0  -9060.45         0         0         0         0         0         0
0.0181209         0   13.0873  0.114989         0  -22.1478 0.0313201         0         0         0         0         0
        0 0.0234901         0         0  0.116779   39.3738         0 0.0241612  -23.2664         0         0         0
 -13.0873         0  -9060.45  -22.1478   39.3738   40716.1         0   23.2664  -21476.6         0         0         0
        0         0         0 0.0313201         0         0  0.114989         0  -22.1478 0.0181209         0   13.0873
        0         0         0         0 0.0241612   23.2664         0  0.116779  -39.3738         0 0.0234901         0
        0         0         0         0  -23.2664  -21476.6  -22.1478  -39.3738   40716.1  -13.0873         0  -9060.45
        0         0         0         0         0         0 0.0181209         0  -13.0873 0.0523493         0   22.1478
        0         0         0         0         0         0         0 0.0234901         0         0 0.0469801         0
        0         0         0         0         0         0   13.0873         0  -9060.45   22.1478         0   12080.6

Global DOF Matrix
0
0
0
1
1
1
1
1
1
0
0
0

Reduced Global Stiffness Matrix
     310764           0     -395343     -310501           0           0
          0      414112      222381           0     -111.19      222381
    -395343      222381  1.3837e+09           0     -222381 2.96507e+08
    -310501           0           0      310764           0     -395343
          0     -111.19     -222381           0      414112     -222381
          0      222381 2.96507e+08     -395343     -222381  1.3837e+09

Reduced Global Mass Matrix
 0.114989         0  -22.1478 0.0313201         0         0
        0  0.116779   39.3738         0 0.0241612  -23.2664
 -22.1478   39.3738   40716.1         0   23.2664  -21476.6
0.0313201         0         0  0.114989         0  -22.1478
        0 0.0241612   23.2664         0  0.116779  -39.3738
        0  -23.2664  -21476.6  -22.1478  -39.3738   40716.1

Cholesky Decomposition L - Matrix
  0.339101          0          0          0          0          0
         0    0.34173          0          0          0          0
  -65.3132    115.219    152.233          0          0          0
 0.0923621          0  0.0396266   0.323865          0          0
         0  0.0707027  0.0993218 -0.0121526   0.319011          0
         0   -68.0841   -89.5473   -57.4293    -82.643    133.918

L Inverse Matrix
     2.94897 -2.61096e-15 -1.69984e-18 -5.75742e-16  3.21366e-16 -5.11565e-18
 3.13088e-16      2.92629           -0           -0    8.349e-16           -0
     1.26521      -2.2148   0.00656889 -2.47013e-16 -4.94027e-16  -2.1948e-18
   -0.995816     0.270992 -0.000803738      3.08771           -0  7.44102e-19
   -0.431851    0.0513286   -0.0020758     0.117625      3.13469  1.86107e-18
    0.152467     0.154643   0.00276676      1.39672      1.93447   0.00746727

Z Matrix
 2.70255e+06 -2.88161e-09  1.15183e+06 -3.73895e+06      -501048 -1.14242e+06
-2.88161e-09  3.54611e+06 -2.67964e+06       327869      59829.8       193429
 1.15183e+06 -2.67964e+06  2.57548e+06 -1.85662e+06      -282500      -599841
-3.73895e+06       327869 -1.85662e+06    5.211e+06       704356  1.58413e+06
     -501048      59829.8      -282500       704356  4.17214e+06  2.70821e+06
-1.14242e+06       193429      -599841  1.58413e+06  2.70821e+06  2.12407e+06

Modal Analysis Success !!!!! 
Eigen Values 
    1242.98
    17434.4
    98961.4
4.77152e+06
5.43931e+06
1.00029e+07

Global Eigen Vector Matrix
        0         0         0         0         0         0
        0         0         0         0         0         0
        0         0         0         0         0         0
        1  0.005599        -1  0.410098  -0.15506        -1
-0.000228         1 -0.022452         1         1  0.613637
 0.000222  0.376839 -0.007913 -0.000865 -0.001027 -0.000975
        1 -0.005599        -1 -0.410098  -0.15506         1
 0.000228         1  0.022452         1        -1  0.613637
 0.000222 -0.376839 -0.007913  0.000865 -0.001027  0.000975
        0         0         0         0         0         0
        0         0         0         0         0         0
        0         0         0         0         0         0

